1.000000000000000000e+00 0.000000000000000000e+00 0.000000000000000000e+00 0.000000000000000000e+00 0.000000000000000000e+00 1.000000000000000000e+00 0.000000000000000000e+00 0.000000000000000000e+00 0.000000000000000000e+00 0.000000000000000000e+00 1.000000000000000000e+00 0.000000000000000000e+00
9.999999944707326227e-01 9.428444632321235049e-05 4.657228724741189905e-05 8.469286094787664395e-04 -9.428171761961649539e-05 9.999999938391178622e-01 -5.858943570508064132e-05 1.447213223722203885e-03 -4.657781103299136739e-05 5.858504446588882520e-05 9.999999971991500036e-01 1.921020314085242848e-04
9.999999361978277879e-01 3.393602160867683010e-04 1.115301938288899478e-04 3.641739948435250215e-04 -3.393513959717133692e-04 9.999999392925277286e-01 -7.909216694983207268e-05 4.983401584121954081e-03 -1.115570277930406717e-04 7.905431397661119564e-05 9.999999906527224924e-01 1.099797410715211204e-03
9.999999790314417769e-01 1.815020467401825773e-04 9.483734986123399150e-05 6.218676230714589165e-03 -1.814943202834512709e-04 9.999999802109917901e-01 -8.147286560968731702e-05 4.958214889536368894e-03 -9.485213547635884274e-05 8.145565146096824481e-05 9.999999921840245776e-01 7.624163879230614303e-04
9.999999990193670918e-01 -4.321133493267198007e-05 9.697748849567498503e-06 3.696858877536330842e-03 4.321152518409515002e-05 9.999999988739344259e-01 -1.961874969953331975e-05 5.982949806871213499e-03 -9.696901086282970188e-06 1.961916873481316985e-05 9.999999997605291124e-01 -2.673650979992037353e-04
9.999999976150607539e-01 -6.078755230637309357e-05 -3.278341129687319496e-05 -3.603293495880407083e-03 6.078798817169930630e-05 9.999999980640388308e-01 1.329446862455332686e-05 2.065861892181775072e-03 3.278260309519888171e-05 -1.329646143046496830e-05 9.999999993742525461e-01 -1.277475804188938670e-03
9.999999901602111274e-01 1.401807366218382907e-04 5.379480497989267351e-06 -6.891153143443230940e-03 -1.401806951558922168e-04 9.999999901449814210e-01 -7.707772297092070694e-06 1.019184329231836690e-03 -5.380560926172707183e-06 7.707018121933432056e-06 9.999999999558256691e-01 -1.056762855073531014e-03
9.999999958152221424e-01 8.104662466461244521e-05 4.243819370535927075e-05 -3.331187769394169246e-03 -8.104497344528238136e-05 9.999999959588979914e-01 -3.890907749403972561e-05 2.007998126375461732e-03 -4.244134698326190892e-05 3.890563792893196344e-05 9.999999983425417183e-01 2.867446648352104483e-04
9.999999935672662099e-01 8.878408991116081472e-05 7.058932514520944697e-05 3.469758341677817420e-04 -8.877916084149727787e-05 9.999999936211920737e-01 -6.982747617207859506e-05 3.550134965280869921e-03 -7.059552426385643236e-05 6.982120886184626954e-05 9.999999950706354168e-01 1.309212709609643968e-03
9.999999991060929405e-01 -2.205650238236872787e-05 3.607387920691806986e-05 2.357736590862690405e-03 2.205826081334800797e-05 9.999999985686498505e-01 -4.874559849069489130e-05 3.714880418323333704e-03 -3.607280399787447811e-05 4.874639417415695515e-05 9.999999981612709421e-01 2.673803705097533082e-04
9.999999904987012522e-01 -1.348776486768093054e-04 -2.847134147761816724e-05 1.156377061450768184e-03 1.348785089015047363e-04 9.999999904474525803e-01 3.021394689941843647e-05 3.353041012662544805e-03 2.846726601952928785e-05 -3.021778678443162776e-05 9.999999991382501063e-01 -5.245312482196437965e-04
9.999999849991880740e-01 -1.680028188367343610e-04 -4.215064017208878909e-05 -7.081307778627253611e-04 1.680046136544144733e-04 9.999999849806495700e-01 4.258110340439822121e-05 3.418112487848698998e-03 4.214348579361243554e-05 -4.258818426766449453e-05 9.999999982050865599e-01 -3.845039395748948985e-04
9.999999829187543599e-01 -1.842350885768242747e-04 -1.482980202295090355e-05 2.715093722248386986e-04 1.842355034182760736e-04 9.999999826372834022e-01 2.797699530374980921e-05 3.582794707796949345e-03 1.482464742125735262e-05 -2.797972700190917464e-05 9.999999994986823459e-01 5.353671994382822128e-04
9.999999939669451665e-01 1.083641377527721421e-04 1.798119391302390935e-05 6.033921415316153246e-04 -1.083641889255404354e-04 9.999999941245544255e-01 2.844955070347046064e-06 1.541531375271430748e-03 -1.798088551627323721e-05 -2.846903570677574095e-06 9.999999998342914420e-01 3.787263842705554991e-04
9.999998799776893543e-01 4.871127326684882106e-04 5.259080257286841641e-05 6.843909957904279785e-04 -4.871099567270810232e-04 9.999998799688787354e-01 -5.278369308716257866e-05 -2.956235551341751533e-03 -5.261650786931544246e-05 5.275806924837625798e-05 9.999999972240446455e-01 2.021824100488503668e-04
9.999997740097295029e-01 6.669577301806769130e-04 8.454511203298486989e-05 -1.780923475524598442e-03 -6.669477689332706629e-04 9.999997706524591523e-01 -1.177951718110458791e-04 2.967791195931084730e-04 -8.462365704318867510e-05 1.177387580166385292e-04 9.999999894882106721e-01 -2.910492675164408957e-04
9.999999818779231608e-01 1.753589722762477910e-04 7.411736760992333208e-05 -3.855499481893428018e-03 -1.753505345723367615e-04 9.999999781470463311e-01 -1.138336369391615215e-04 7.227499987483006899e-03 -7.413732773982404777e-05 1.138206383562281117e-04 9.999999907742593841e-01 -2.635860224972958084e-04
9.999999529721921299e-01 -3.065602220225668276e-04 -8.743219548842765348e-06 -1.906922163844842338e-03 3.065602452452936832e-04 9.999999530068827136e-01 2.654867675376228675e-06 9.891584528581050598e-03 8.742405261147619908e-06 -2.657547874052748329e-06 9.999999999582539489e-01 2.441230611671363316e-04
9.999999529701169010e-01 -3.055621072028383484e-04 -2.629757845297870229e-05 -1.734866027456415235e-03 3.055630664857472614e-04 9.999999526501475167e-01 3.648171013321006699e-05 8.621351385167919448e-03 2.628642977956957728e-05 -3.648974398619275072e-05 9.999999989887611296e-01 2.604537300410080143e-04
9.999999992375725455e-01 -3.446877090021375058e-05 1.835098576974601207e-05 1.320789913956409850e-03 3.446885811856310785e-05 9.999999993946557808e-01 -4.752493185940385270e-06 1.355735406446525147e-03 -1.835082194603852000e-05 4.753125719841787359e-06 9.999999998203276119e-01 1.600274196941223962e-04
9.999999760823853334e-01 2.124040466706557243e-04 5.215121880227647063e-05 7.944788645426574536e-03 -2.124005903833385838e-04 9.999999752470761782e-01 -6.627093078150043210e-05 -1.388783526329889599e-03 -5.216529372525594975e-05 6.625985224679503064e-05 9.999999964442070066e-01 1.982353269177708239e-04
9.999999256765159661e-01 3.805907216753176905e-04 6.162519833335557823e-05 6.511933460478310995e-03 -3.805878459992578918e-04 9.999999264874467331e-01 -4.666896913193558500e-05 -5.988530668551312990e-03 -6.164295557977165965e-05 4.664551186184223003e-05 9.999999970121711268e-01 7.900376711193098089e-04
9.999999480925604312e-01 3.191813511500097103e-04 4.402432933642210378e-05 6.041987377408070473e-04 -3.191804023921401877e-04 9.999999488296011929e-01 -2.155610509544689683e-05 -5.645338281121551997e-03 -4.403120739042951543e-05 2.154205227337203037e-05 9.999999987985963568e-01 1.072511358139470287e-03
9.999999942581294654e-01 1.010392426200513208e-04 3.570451788610778661e-05 -2.336625904865764942e-03 -1.010375427124188979e-04 9.999999937623974544e-01 -4.760903199147142710e-05 -5.996538883940981217e-03 -3.570932804393148956e-05 4.760542422135558319e-05 9.999999982292837597e-01 -3.744537009045224244e-04
9.999999621138476735e-01 -2.733340732882354749e-04 -3.256973366789654912e-05 2.961505396306744059e-03 2.733347422944948282e-04 9.999999624331528114e-01 2.053805425156519723e-05 5.284166211225728611e-03 3.256411869432834121e-05 -2.054695591321605821e-05 9.999999992587004227e-01 -6.479232658646921425e-04
9.999999898066154191e-01 -1.415021044554338331e-04 -1.907678096470808229e-05 1.138865627314071538e-03 1.415021964753075689e-04 9.999999899769363987e-01 4.822394940901548462e-06 4.386246178315834215e-03 1.907609839446764105e-05 -4.825094298153206280e-06 9.999999998064105222e-01 -8.486495521459028234e-04
9.999999983928071767e-01 -5.375635626689311447e-05 1.801776346580578035e-05 2.131520523737257151e-03 5.375635019868758575e-05 9.999999985550704906e-01 3.372742802462996743e-07 -4.955938451848523885e-03 -1.801778157040774848e-05 -3.363057105015698988e-07 9.999999998376232213e-01 3.514335254296110152e-04
9.999999889448898394e-01 1.381168881840752006e-04 5.508126086936396927e-05 1.177877792221867451e-03 -1.381139206816479014e-04 9.999999890110061740e-01 -5.387515607729815502e-05 -5.994561183445410585e-03 -5.508870133298415838e-05 5.386754799280761639e-05 9.999999970317611231e-01 3.540986862679304601e-04
9.999999990499401914e-01 -1.711459844836815428e-05 4.009002527907533234e-05 6.757664711321180809e-04 1.711709008459399203e-05 9.999999979220975943e-01 -6.215150797976279524e-05 -1.074945241728033317e-03 -4.008896149767013752e-05 6.215219414528933332e-05 9.999999972649900037e-01 -3.402447382064335531e-04
9.999999856556816002e-01 -1.676879938761253563e-04 -2.386154449059500038e-05 5.092696708115809767e-03 1.676883197057285092e-04 9.999999858471023684e-01 1.365366351928067680e-05 1.224091523394137994e-03 2.385925459744039608e-05 -1.365766462572939068e-05 9.999999996221020648e-01 -1.201687019254168032e-04
9.999999767916695204e-01 -2.098680309452073244e-04 -4.870390064028452375e-05 8.465003034313467456e-03 2.098706361922430597e-04 9.999999765464284707e-01 5.349260345230833473e-05 1.579261751274724278e-03 4.869267311064743448e-05 -5.350282372944673747e-05 9.999999973832357503e-01 6.750675629447585235e-04
9.999999305959748064e-01 -3.723224653137535830e-04 -1.356566817688280924e-05 7.633197486716970098e-03 3.723226208744600434e-04 9.999999306221900586e-01 1.146651481143173341e-05 1.709415372241985002e-03 1.356139799466331108e-05 -1.147156482073898147e-05 9.999999998422458569e-01 1.030423244206633577e-03
9.999998758157254697e-01 -4.977388368226420617e-04 2.499167711184857669e-05 2.932597342444366595e-03 4.977394167135340943e-04 9.999998758585506575e-01 -2.320250464219846733e-05 -2.109580652416345996e-04 -2.498012522167358075e-05 2.321494110360060564e-05 9.999999994185299057e-01 8.188136594363846707e-05
9.999999931120837626e-01 1.045985141230856337e-04 5.324456051329024209e-05 -4.196090681464251758e-03 -1.045960799393900678e-04 9.999999934847726424e-01 -4.571777169414768658e-05 -4.594659111098676335e-03 -5.324934217737805730e-05 4.571220220693972183e-05 9.999999975374510575e-01 -1.215800678184869978e-03
9.999999995647216311e-01 -7.142903087662775876e-06 2.862753238277497572e-05 2.125289978225902016e-03 7.143693579993232950e-06 9.999999995932448149e-01 -2.761300260898908617e-05 -9.222772545391933613e-03 -2.862733513412898712e-05 2.761320710328903834e-05 9.999999992089931844e-01 -9.753808729613380659e-04
9.999997086377849786e-01 -7.628866936397155985e-04 -2.698588185048230931e-05 9.908625995536921027e-03 7.628870793226635253e-04 9.999997088995845607e-01 1.428462165202214205e-05 -8.455647588640383128e-03 2.697497644709888334e-05 -1.430520467061099796e-05 9.999999995338558767e-01 2.678145070531384167e-04
9.999994399579938964e-01 -1.056190693720401473e-03 -6.741599954724358953e-05 5.644784706106489164e-03 1.056194875559854970e-03 9.999994403024892176e-01 6.202493898750182191e-05 9.922879566062619422e-03 6.735045165133929097e-05 -6.209610868418310959e-05 9.999999958039950121e-01 1.173325395787724228e-03
9.999999915793773564e-01 -1.238327748801667757e-04 -3.881609234757421080e-05 -1.894062152631916830e-03 1.238348824191749418e-04 9.999999908583355746e-01 5.429779639232637202e-05 7.813674548945808568e-03 3.880936814593338263e-05 -5.430260272133695393e-05 9.999999977725301248e-01 3.293300525155492750e-04
9.999995118031644870e-01 9.846222832320991169e-04 8.314079715457881731e-05 -3.195485202044676641e-03 -9.846166586107846230e-04 9.999995129755816503e-01 -6.766561242211334415e-05 -9.357789419480816440e-03 -8.320738173277979037e-05 6.758371757408690830e-05 9.999999942544863796e-01 -6.911732166138992396e-04
9.999998088263436502e-01 6.068882956995098887e-04 1.184646477184198840e-04 7.554400279638824427e-03 -6.068727466612935028e-04 9.999998072398919025e-01 -1.312465173733795543e-04 -1.381161883477439144e-02 -1.185442768584068146e-04 1.311745993163597923e-04 9.999999843702392921e-01 -6.896516126629970503e-04
9.999999983179539420e-01 2.901289525300268437e-05 5.022294278286113293e-05 7.604122155873003358e-03 -2.900977158673463560e-05 9.999999976450694161e-01 -6.219561354600757527e-05 -8.561886578281026686e-03 -5.022474713941059372e-05 6.219415648529314237e-05 9.999999968046808796e-01 -2.131549036619781044e-04
9.999998881120830685e-01 -4.688716305430286964e-04 -6.273129522340444508e-05 3.308535895966215751e-03 4.688753417976539812e-04 9.999998883280266648e-01 5.915951435454596205e-05 5.731081378611897759e-03 6.270355000011936767e-05 -5.918892089280042079e-05 9.999999962824682731e-01 8.187611222809068525e-04
9.999999530636766165e-01 -3.001055636376991770e-04 -6.171948881129963389e-05 -1.866792592899328956e-03 3.001084609718272724e-04 9.999999538657877718e-01 4.693968355607166891e-05 4.787367947908656787e-03 6.170539910372906188e-05 -4.695820389369463230e-05 9.999999969936853583e-01 8.639814327119918827e-04
9.999999688267158238e-01 2.495762664324924392e-04 -7.632464521367784806e-06 9.927352786808117321e-04 -2.495762667964188304e-04 9.999999688558419697e-01 -4.672896712597473733e-08 1.508084200366188732e-03 7.632452621219952600e-06 4.863384767097845757e-08 9.999999999708716336e-01 4.778205031776333513e-04
9.999997393594550754e-01 7.193063126819255592e-04 6.228523392133124335e-05 4.220837674650503718e-03 -7.193030205633745922e-04 9.999997399043634161e-01 -5.286180112993151209e-05 -4.399629059971372439e-04 -6.232324154846617160e-05 5.281698539510675645e-05 9.999999966630898074e-01 -2.189980887070226635e-04
9.999998113425889734e-01 5.985855728709401410e-04 1.378771137005888557e-04 1.663044672102822856e-03 -5.985643110115581927e-04 9.999998089717846428e-01 -1.541984428804533697e-04 -2.105240211233191938e-03 -1.379693883254373102e-04 1.541158854702078960e-04 9.999999786063706875e-01 -8.564517468558778589e-04
9.999999961457157749e-01 3.688316427784732628e-05 7.967559556135903043e-05 -2.537828586954527735e-04 -3.687409493287064624e-05 9.999999928418732420e-01 -1.138268628135428117e-04 -3.233302109362871154e-03 -7.967979328591140063e-05 1.138239244093471628e-04 9.999999903476223251e-01 -1.197995171161601261e-03
9.999999610322258814e-01 -2.766555700849418183e-04 -3.737970285552738266e-05 -1.091818706708738663e-03 2.766563169801422367e-04 9.999999615310879442e-01 1.997761087781187549e-05 -1.264096271746317432e-03 3.737417450024454075e-05 -1.998795143025066848e-05 9.999999991018264645e-01 -1.633624275022141966e-04
9.999999853349775814e-01 -1.537657115346752169e-04 -7.540656919840630658e-05 -2.095439941247203598e-03 1.537722542002801195e-04 9.999999844127842596e-01 8.676707321690822175e-05 -1.071371474712781886e-03 7.539322622227687446e-05 -8.677866738259429889e-05 9.999999933926621010e-01 1.217486087113636662e-03
9.999999843427659352e-01 1.742909412866956286e-04 -3.061267241869844441e-05 7.146821308423208230e-03 -1.742900850008916470e-04 9.999999844202651644e-01 2.797205308598022146e-05 4.826647132836392809e-03 3.061754721722320335e-05 -2.796671716273727996e-05 9.999999991402143129e-01 1.192197546904708461e-03
9.999999433362870560e-01 3.214200746693493126e-04 1.000827572257897703e-04 7.265979388487060764e-04 -3.214088236183329549e-04 9.999999420298102404e-01 -1.124132744023539844e-04 7.277294585716076458e-04 -1.001188833070255788e-04 1.123811005513360498e-04 9.999999886733486054e-01 -3.388045135930932428e-04
9.999999860266797214e-01 -1.279795771365942821e-04 1.075540248575104936e-04 2.769356257094170333e-03 1.279928993288785967e-04 9.999999841373463649e-01 -1.238673672314902512e-04 -1.057781019610292816e-03 -1.075381706581389463e-04 1.238811316521278407e-04 9.999999865445033942e-01 -1.069825056288282355e-03
9.999999962541954446e-01 -8.636539065023152758e-05 5.712133789812874203e-06 7.140616590384911769e-03 8.636545899203848617e-05 9.999999961989212149e-01 -1.196515750402879766e-05 1.699127563649649453e-03 -5.711100392598576994e-06 1.196565079026623691e-05 9.999999999121033101e-01 -4.530770641224164414e-04
9.999999519866342723e-01 3.075410749342501996e-04 -3.801600218344146668e-05 2.718612500026865858e-03 -3.075400229473248940e-04 9.999999523266142054e-01 2.767496244166234987e-05 1.058650618755550225e-03 3.802451155878800631e-05 -2.766326967071039319e-05 9.999999988944400231e-01 4.912581633280211973e-04
9.999999699510534468e-01 2.449034409190512527e-04 -1.096343587533258044e-05 -3.116136371971780020e-03 -2.449035130346873608e-04 9.999999699895059102e-01 -6.576972548622689319e-06 6.140848145768719978e-03 1.096182482310646502e-05 6.579657334952391459e-06 9.999999999182732635e-01 6.791745573449366408e-04
9.999999699325559099e-01 2.388244300441488669e-04 5.565769439572775971e-05 -3.372767044559601274e-03 -2.388201457042697965e-04 9.999999685202369815e-01 -7.697053391280489433e-05 8.147756295046807221e-03 -5.567607508752864975e-05 7.695723941981252294e-05 9.999999954888789677e-01 -1.675225770300168941e-04
9.999999066803137993e-01 4.256627986104223041e-04 7.382780964925186819e-05 2.099740552609927115e-03 -4.256555264923838591e-04 9.999999045586575042e-01 -9.848882533755120119e-05 1.222626493205727222e-03 -7.386972563205163175e-05 9.845739093141889220e-05 9.999999924247028327e-01 -1.199894640303109539e-03
9.999998023461296182e-01 6.254837697701306955e-04 6.385730566375105992e-05 3.545716156402595708e-03 -6.254777579244599978e-04 9.999997999593296383e-01 -9.412159682098250244e-05 -3.209819290382080401e-03 -6.391616442088919213e-05 9.408163689311094572e-05 9.999999935316847832e-01 -1.199636979334163479e-03
9.999999983451619556e-01 5.724290866341369616e-05 5.738073122978110315e-06 3.438828660310742392e-03 -5.724275755918241626e-05 9.999999980149902878e-01 -2.633032514758604429e-05 4.921059986668849251e-04 -5.739580335985480898e-06 2.632999664088498849e-05 9.999999996368942323e-01 -6.694367657627598757e-05
9.999999908690673234e-01 -1.333124805073013068e-04 -2.212798943752889442e-05 3.934301738680553648e-03 1.333130635907468471e-04 9.999999907666229371e-01 2.635111061320535156e-05 3.519331902565532404e-03 2.212447630129285741e-05 -2.635406032265815611e-05 9.999999994079855625e-01 1.178219184273718127e-03
9.999999191555343225e-01 4.009416753032483071e-04 3.057282657025729917e-05 6.538675318924687743e-03 -4.009403757680663686e-04 9.999999187202578410e-01 -4.250050460210198138e-05 7.077015984399779441e-05 -3.058986430882224081e-05 4.248824328559803093e-05 9.999999986295047272e-01 1.061583662942815285e-03
9.999999162879344983e-01 4.047766679498832044e-04 5.983287642127246180e-05 7.021337824209146136e-03 -4.047705352011825687e-04 9.999999128298840967e-01 -1.024745727750258088e-04 1.936964480927122999e-03 -5.987435052175114723e-05 1.024503456112560006e-04 9.999999929594943771e-01 5.433465479872385921e-04
9.999999291705590210e-01 3.762745735360608842e-04 8.736258355420806313e-06 1.132968389157897916e-02 -3.762739663350620390e-04 9.999999268006659614e-01 -6.940147609001744784e-05 6.395685816934797499e-03 -8.762371726751056795e-06 6.939818394776736633e-05 9.999999975535563967e-01 -3.935153350570801058e-04
9.999990364511099905e-01 1.388192650480438075e-03 4.244609921248952168e-06 1.825632334941680243e-02 -1.388192266066304954e-03 9.999990324765041239e-01 -8.926526846820455612e-05 4.501232714022310004e-03 -4.368523204119847195e-06 8.925929012208906610e-05 9.999999960068475247e-01 -3.779541858219095159e-04
9.999887751314974205e-01 4.737512450767937880e-03 7.474480851705450992e-05 2.855946034949937914e-02 -4.737498336967306198e-03 9.999887603408427195e-01 -1.878869124727651626e-04 -6.566291280323882304e-03 -7.563408499805906169e-05 1.875307000608328052e-04 9.999999795558606186e-01 6.182348260618174230e-04
9.999523771876570599e-01 9.758996594634215815e-03 7.309048923883414389e-05 2.311201362036932605e-02 -9.758985896480854363e-03 9.999523694035129529e-01 -1.453223060964543649e-04 -8.683532670907500445e-03 -7.450520778555385119e-05 1.446020963858932131e-04 9.999999867696037770e-01 8.858470355236466778e-04
9.999196076245472353e-01 1.267975568818476353e-02 4.564711854182809902e-05 -1.008240803475606712e-02 -1.267975501098155856e-02 9.999196085611158358e-01 -1.509458307421059577e-05 2.563424349296489213e-03 -4.583484452988360229e-05 1.451457530475317757e-05 9.999999988442470622e-01 -1.101919402838671957e-04
9.999248804994502748e-01 1.225689734648330829e-02 4.272701464477967812e-05 -2.770707405721553607e-02 -1.225689738863692743e-02 9.999248814115383466e-01 7.248595367829111814e-07 1.315298877812620323e-02 -4.271492052281741352e-05 -1.248505719920391171e-06 9.999999990869383737e-01 -9.726069018913387296e-04
9.999351123864727020e-01 1.139153916735946223e-02 6.206489160779548242e-05 -5.383887364889296256e-03 -1.139153362668126300e-02 9.999351104233287213e-01 -8.890622871872655387e-05 2.731065539928217989e-03 -6.307364302992449798e-05 8.819344550593074454e-05 9.999999941218158384e-01 -6.124760805866760402e-05
9.999193032540307779e-01 1.270343443798383279e-02 9.865826600404907227e-05 7.857548932745483938e-03 -1.270341987469603140e-02 9.999192975208790468e-01 -1.468633340219069284e-04 -1.405485096923334010e-02 -1.005159727724877879e-04 1.455981852515902833e-04 9.999999843488537321e-01 1.242119460795763604e-03
9.998877734632829473e-01 1.498099465536345369e-02 1.013793589969066305e-04 4.611986474755358500e-03 -1.498098167170869473e-02 9.998877706503824792e-01 -1.276399627027799909e-04 -1.164862637394021780e-02 -1.032801548564429091e-04 1.261068757927969418e-04 9.999999867151326827e-01 1.232246954929116243e-03
9.998448478449324384e-01 1.761456215733381292e-02 8.624354602589150110e-05 -9.221306485687644910e-03 -1.761455791106118079e-02 9.998448504015507998e-01 -4.975036075043457351e-05 -8.818788391396619256e-03 -8.710649619614506075e-05 4.822349993882042637e-05 9.999999950434761420e-01 9.545763216245691570e-04
9.997570537566254911e-01 2.204131648390619119e-02 1.176075173818170501e-04 -8.384984897698358197e-03 -2.204130618712829212e-02 9.997570570156686376e-01 -8.814155903382519456e-05 -1.547596299039857154e-02 -1.195217014586139417e-04 8.552792207265210128e-05 9.999999891997686241e-01 6.077975157147187408e-04
9.995715994632512480e-01 2.926760969162509399e-02 1.567463441147705393e-04 4.808990227044114378e-03 -2.926757987770365471e-02 9.995715947132806090e-01 -1.892364955846632751e-04 -4.595655655229285985e-02 -1.622176930444606962e-04 1.845678404214652862e-04 9.999999698100656698e-01 -1.714236412152203809e-04
9.992114708009368629e-01 3.970410345605718955e-02 1.441824510991928537e-04 2.001582232618867238e-02 -3.970407985510087528e-02 9.992114688429941660e-01 -1.630198941320344500e-04 -8.933045899342120788e-02 -1.505413174862214431e-04 1.571667166333366359e-04 9.999999763179672208e-01 4.132115317419784908e-04
9.985657787728584589e-01 5.353832377720343233e-02 1.826222383793771515e-04 2.148038978735666502e-02 -5.353830590820352758e-02 9.985657912845322670e-01 -1.013744328404020113e-04 -1.292716733094955717e-01 -1.877877371815950063e-04 9.145175421293691193e-05 9.999999781861709236e-01 1.752721637559268887e-03
9.974821448136164115e-01 7.091760569640766232e-02 2.529433066351775838e-04 9.868966530373522728e-03 -7.091758447654276931e-02 9.974821741589738888e-01 -9.190810042298321741e-05 -1.349675785810838802e-01 -2.588243418675198622e-04 7.373856081958629096e-05 9.999999637862917456e-01 2.595641907937044218e-03
9.959628503476333217e-01 8.976601093791185260e-02 2.529974553522005838e-04 -1.027602715279740458e-03 -8.976600785614688438e-02 9.959628824809514391e-01 -2.353305571186094971e-05 -1.342989716136532563e-01 -2.540885434293569311e-04 7.274776794438764437e-07 9.999999677192409342e-01 3.270927706237086036e-03
9.939025560664603853e-01 1.102616985629563673e-01 2.586011761365973453e-04 1.368542899496361966e-02 -1.102616929476225721e-01 9.939025896829253304e-01 -3.591516199507378582e-05 -1.690559822410018231e-01 -2.609844454229549968e-04 7.182367829377276229e-06 9.999999659177658540e-01 2.950411037146780015e-03
9.911350545164194781e-01 1.328580051289744712e-01 2.327700228340758937e-04 2.610498870368743035e-02 -1.328580181270903604e-01 9.911350792498047069e-01 4.122893476951239766e-05 -2.179409498771155418e-01 -2.252289410015606412e-04 -7.178880642356746087e-05 9.999999720591452590e-01 3.150454849627806926e-03
9.874014426324485560e-01 1.582350853820803649e-01 2.210010976941035330e-04 4.417486409361124494e-02 -1.582351060839703172e-01 9.874014608508931978e-01 7.944883104676608713e-05 -2.699079926487456538e-01 -2.056452141486172559e-04 -1.134180225293388586e-04 9.999999724231986020e-01 3.684284958723475518e-03
9.826592806869467456e-01 1.854203175744163212e-01 2.095481210062505859e-04 3.854961314319785282e-02 -1.854203371297326042e-01 9.826592962493173600e-01 7.793261643126035069e-05 -2.368546108671157890e-01 -1.914641186302795315e-04 -1.154356920462750038e-04 9.999999750080458272e-01 3.701504751309599595e-03
9.782168493632664719e-01 2.075853893526893035e-01 3.189813423436283542e-04 -1.536324132559714617e-02 -2.075854476003572702e-01 9.782168756781500774e-01 1.615024393412037979e-04 -2.298040196207173924e-01 -2.785073853549536712e-04 -2.242002921033993043e-04 9.999999360839306739e-01 4.449471982567286196e-03
9.746154041337160567e-01 2.238853004420182369e-01 4.315915435295133301e-04 -6.256090571743617990e-02 -2.238854104050541638e-01 9.746154483785328670e-01 2.253656404431445025e-04 -2.497768540693231509e-01 -3.701797315934783920e-04 -3.162718745888049368e-04 9.999998814695267857e-01 5.642116922110047145e-03
9.707010141753737997e-01 2.402900082899156742e-01 5.029860167974791775e-04 -3.652414187340435880e-02 -2.402901287175617517e-01 9.707010953694521493e-01 1.936219082679704591e-04 -3.074143589715767622e-01 -4.417236675180107410e-04 -3.088115574416900656e-04 9.999998547578011765e-01 8.154096416833627944e-03
9.659663309384463048e-01 2.586674140633472008e-01 4.651828639385484875e-04 -6.122780242575085428e-03 -2.586675058114807912e-01 9.659664070082714105e-01 1.482187508234338177e-04 -3.320016479432563727e-01 -4.110116586893399686e-04 -2.635020140704179390e-04 9.999998808180453613e-01 8.427875620026276451e-03
9.601616937025472254e-01 2.794448037921641315e-01 3.515392078850677177e-04 -6.164160944740919301e-03 -2.794448840228337949e-01 9.601617130940081069e-01 2.037200150771799638e-04 -3.110035649431196481e-01 -2.806059884208580340e-04 -2.938399878945352223e-04 9.999999174591669426e-01 5.779321713631362795e-03
9.549764675245285828e-01 2.966814191475263263e-01 2.863686136617319506e-04 -4.457852293054530984e-02 -2.966815137001834191e-01 9.549764057608021162e-01 3.793003397913212232e-04 -2.805073751405828819e-01 -1.609439063049563560e-04 -4.471831724021549750e-04 9.999998870621282787e-01 4.403066663099697298e-03
9.514628094880823728e-01 3.077635235045791950e-01 3.684577199006357803e-04 -7.468649589266596056e-02 -3.077636782977051233e-01 9.514627069705871021e-01 4.853502544268457550e-04 -2.830626287982885292e-01 -2.012006751446192862e-04 -5.751906198365274283e-04 9.999998143370023573e-01 5.141503815897360483e-03
9.493365589721531883e-01 3.142608180821908626e-01 4.858160390249383087e-04 -7.595726092762833392e-02 -3.142610362363142396e-01 9.493364962686245967e-01 4.668576760444979900e-04 -3.276289013068489631e-01 -3.144878211173419936e-04 -5.958781115500186689e-04 9.999997730133175500e-01 7.737003150613050786e-03
9.488653911093056781e-01 3.156805697385637877e-01 4.974379559533906531e-04 -6.751247740975153955e-02 -3.156807786541621641e-01 9.488653597420042551e-01 4.184136454923298009e-04 -3.359493110436422292e-01 -3.399165870296331311e-04 -5.540498286430511291e-04 9.999997887427283239e-01 8.818734225237923746e-03
9.506173364464675091e-01 3.103651273757335738e-01 4.090922492110727910e-04 -6.987587308578888101e-02 -3.103652843447807785e-01 9.506172886351580420e-01 4.010255903341234393e-04 -2.861139708460570530e-01 -2.644258063217094236e-04 -5.081899107799371824e-04 9.999998359109902868e-01 7.152652798925473315e-03
9.539579053615442339e-01 2.999403921305558440e-01 2.756207239703379643e-04 -6.622253829056601315e-02 -2.999404898577648915e-01 9.539578141025953917e-01 4.375574042858718549e-04 -2.356973228548255861e-01 -1.316894039389858494e-04 -5.000811598305996948e-04 9.999998662883583522e-01 5.129100996854210441e-03
9.565857117567174717e-01 2.914510322912475804e-01 2.680284692534186906e-04 -7.785775766291101740e-02 -2.914511285683822894e-01 9.565856143482466267e-01 4.495310932555935442e-04 -2.353602754395811292e-01 -1.253758767472459010e-04 -5.081322206510421489e-04 9.999998630412585410e-01 4.736058324242117118e-03
9.563498381708599450e-01 2.922239848616151048e-01 3.601418729061644716e-04 -9.144000221190475008e-02 -2.922241313549209796e-01 9.563497505315107228e-01 4.601219176930830589e-04 -2.781507141027200758e-01 -2.099629299993206429e-04 -5.452796674991839320e-04 9.999998292928115040e-01 5.999947418836320927e-03
9.531226805350352382e-01 3.025837016748651465e-01 5.092449757982139922e-04 -8.706123972318116633e-02 -3.025838987706905292e-01 9.531226832399085636e-01 3.672850194233469551e-04 -3.121137332073997128e-01 -3.742384770123949604e-04 -5.041570124395524039e-04 9.999998028856151855e-01 8.306488489395328842e-03
9.496242987569235572e-01 3.133902082297321812e-01 5.182626229125938131e-04 -4.298366017064166739e-02 -3.133903773330452558e-01 9.496243419927571372e-01 2.837073748422405390e-04 -3.171567240443830538e-01 -4.032436889846919593e-04 -4.318339358389218833e-04 9.999998254569743006e-01 9.222959492729804198e-03
9.489941648090878257e-01 3.152934207869383387e-01 3.660147162342165849e-04 -5.191153258066440179e-03 -3.152935266296160166e-01 9.489941591185714342e-01 2.793282929259210067e-04 -2.917666221897944334e-01 -2.592754548585233512e-04 -3.804829907326069769e-04 9.999998940044605433e-01 7.041130593593001620e-03
9.515938713211924416e-01 3.073582288974170407e-01 1.522924448620851558e-04 -2.749904730199148606e-03 -3.073582664981763246e-01 9.515937684551116771e-01 4.425524097943838928e-04 -2.570531566995564177e-01 -8.898416644868141040e-06 -4.679385027523401842e-04 9.999998904771819630e-01 4.714301295764244427e-03
9.544412609928346614e-01 2.983988332484300843e-01 1.250215312530716526e-04 -5.441077873732907272e-02 -2.983988524922113750e-01 9.544410645977555729e-01 6.156629227875601252e-04 -2.569301379271956565e-01 6.438741444730292519e-05 -6.249203778346287645e-04 9.999998026643716065e-01 4.752457017874798725e-03
