1752868633.0172 0.0000 0.0000 0.0000 0.0000 0.0000 0.0000 1.0000
1752868633.1181 0.0008 0.0014 0.0002 0.0000 0.0000 -0.0000 1.0000
1752868633.2189 0.0004 0.0050 0.0011 0.0000 0.0001 -0.0002 1.0000
1752868633.3198 0.0062 0.0050 0.0008 0.0000 0.0000 -0.0001 1.0000
1752868633.4206 0.0037 0.0060 -0.0003 0.0000 0.0000 0.0000 1.0000
1752868633.5215 -0.0036 0.0021 -0.0013 -0.0000 -0.0000 0.0000 1.0000
1752868633.6224 -0.0069 0.0010 -0.0011 0.0000 0.0000 -0.0001 1.0000
1752868633.7232 -0.0033 0.0020 0.0003 0.0000 0.0000 -0.0000 1.0000
1752868633.8241 0.0003 0.0036 0.0013 0.0000 0.0000 -0.0000 1.0000
1752868633.9249 0.0024 0.0037 0.0003 0.0000 0.0000 0.0000 1.0000
1752868634.0258 0.0012 0.0034 -0.0005 -0.0000 -0.0000 0.0001 1.0000
1752868634.1267 -0.0007 0.0034 -0.0004 -0.0000 -0.0000 0.0001 1.0000
1752868634.2275 0.0003 0.0036 0.0005 -0.0000 -0.0000 0.0001 1.0000
1752868634.3284 0.0006 0.0015 0.0004 -0.0000 0.0000 -0.0001 1.0000
1752868634.4292 0.0007 -0.0030 0.0002 0.0000 0.0000 -0.0002 1.0000
1752868634.5301 -0.0018 0.0003 -0.0003 0.0001 0.0000 -0.0003 1.0000
1752868634.6310 -0.0039 0.0072 -0.0003 0.0001 0.0000 -0.0001 1.0000
1752868634.7318 -0.0019 0.0099 0.0002 -0.0000 -0.0000 0.0002 1.0000
1752868634.8327 -0.0017 0.0086 0.0003 -0.0000 -0.0000 0.0002 1.0000
1752868634.9335 0.0013 0.0014 0.0002 0.0000 0.0000 0.0000 1.0000
1752868635.0344 0.0079 -0.0014 0.0002 0.0000 0.0000 -0.0001 1.0000
1752868635.1353 0.0065 -0.0060 0.0008 0.0000 0.0000 -0.0002 1.0000
1752868635.2361 0.0006 -0.0056 0.0011 0.0000 0.0000 -0.0002 1.0000
1752868635.3370 -0.0023 -0.0060 -0.0004 0.0000 0.0000 -0.0001 1.0000
1752868635.4378 0.0030 0.0053 -0.0006 -0.0000 -0.0000 0.0001 1.0000
1752868635.5387 0.0011 0.0044 -0.0008 -0.0000 -0.0000 0.0001 1.0000
1752868635.6396 0.0021 -0.0050 0.0004 -0.0000 0.0000 0.0000 1.0000
1752868635.7404 0.0012 -0.0060 0.0004 0.0000 0.0000 -0.0001 1.0000
1752868635.8413 0.0007 -0.0011 -0.0003 0.0000 0.0000 0.0000 1.0000
1752868635.9421 0.0051 0.0012 -0.0001 -0.0000 -0.0000 0.0001 1.0000
1752868636.0430 0.0085 0.0016 0.0007 -0.0000 -0.0000 0.0001 1.0000
1752868636.1439 0.0076 0.0017 0.0010 -0.0000 -0.0000 0.0002 1.0000
1752868636.2447 0.0029 -0.0002 0.0001 0.0000 0.0000 0.0002 1.0000
1752868636.3456 -0.0042 -0.0046 -0.0012 0.0000 0.0000 -0.0001 1.0000
1752868636.4464 0.0021 -0.0092 -0.0010 0.0000 0.0000 0.0000 1.0000
1752868636.5473 0.0099 -0.0085 0.0003 -0.0000 -0.0000 0.0004 1.0000
1752868636.6482 0.0056 0.0099 0.0012 -0.0000 -0.0000 0.0005 1.0000
1752868636.7490 -0.0019 0.0078 0.0003 -0.0000 -0.0000 0.0001 1.0000
1752868636.8499 -0.0032 -0.0094 -0.0007 0.0000 0.0000 -0.0005 1.0000
1752868636.9507 0.0076 -0.0138 -0.0007 0.0001 0.0001 -0.0003 1.0000
1752868637.0516 0.0076 -0.0086 -0.0002 0.0000 0.0000 -0.0000 1.0000
1752868637.1525 0.0033 0.0057 0.0008 -0.0000 -0.0000 0.0002 1.0000
1752868637.2533 -0.0019 0.0048 0.0009 -0.0000 -0.0000 0.0002 1.0000
1752868637.3542 0.0010 0.0015 0.0005 0.0000 -0.0000 -0.0001 1.0000
1752868637.4550 0.0042 -0.0004 -0.0002 0.0000 0.0000 -0.0004 1.0000
1752868637.5559 0.0017 -0.0021 -0.0009 0.0001 0.0001 -0.0003 1.0000
1752868637.6568 -0.0003 -0.0032 -0.0012 0.0001 0.0000 -0.0000 1.0000
1752868637.7576 -0.0011 -0.0013 -0.0002 -0.0000 -0.0000 0.0001 1.0000
1752868637.8585 -0.0021 -0.0011 0.0012 -0.0000 -0.0000 0.0001 1.0000
1752868637.9593 0.0071 0.0048 0.0012 -0.0000 -0.0000 -0.0001 1.0000
1752868638.0602 0.0007 0.0007 -0.0003 0.0001 0.0001 -0.0002 1.0000
1752868638.1611 0.0028 -0.0011 -0.0011 0.0001 0.0001 0.0001 1.0000
1752868638.2619 0.0071 0.0017 -0.0005 0.0000 0.0000 0.0000 1.0000
1752868638.3628 0.0027 0.0011 0.0005 -0.0000 -0.0000 -0.0002 1.0000
1752868638.4636 -0.0031 0.0061 0.0007 0.0000 -0.0000 -0.0001 1.0000
1752868638.5645 -0.0034 0.0081 -0.0002 0.0000 0.0000 -0.0001 1.0000
1752868638.6654 0.0021 0.0012 -0.0012 0.0000 0.0000 -0.0002 1.0000
1752868638.7662 0.0035 -0.0032 -0.0012 0.0000 0.0000 -0.0003 1.0000
1752868638.8671 0.0034 0.0005 -0.0001 0.0000 0.0000 -0.0000 1.0000
1752868638.9679 0.0039 0.0035 0.0012 -0.0000 -0.0000 0.0001 1.0000
1752868639.0688 0.0065 0.0001 0.0011 0.0000 0.0000 -0.0002 1.0000
1752868639.1697 0.0070 0.0019 0.0005 0.0001 0.0000 -0.0002 1.0000
1752868639.2705 0.0113 0.0064 -0.0004 0.0000 0.0000 -0.0002 1.0000
1752868639.3714 0.0183 0.0045 -0.0004 0.0000 0.0000 -0.0007 1.0000
1752868639.4722 0.0286 -0.0066 0.0006 0.0001 0.0000 -0.0024 1.0000
1752868639.5731 0.0231 -0.0087 0.0009 0.0001 0.0000 -0.0049 1.0000
1752868639.6740 -0.0101 0.0026 -0.0001 0.0000 0.0000 -0.0063 1.0000
1752868639.7748 -0.0277 0.0132 -0.0010 -0.0000 0.0000 -0.0061 1.0000
1752868639.8757 -0.0054 0.0027 -0.0001 0.0000 0.0000 -0.0057 1.0000
1752868639.9765 0.0079 -0.0141 0.0012 0.0001 0.0000 -0.0064 1.0000
1752868640.0774 0.0046 -0.0116 0.0012 0.0001 0.0001 -0.0075 1.0000
1752868640.1783 -0.0092 -0.0088 0.0010 0.0000 0.0000 -0.0088 1.0000
1752868640.2791 -0.0084 -0.0155 0.0006 0.0000 0.0001 -0.0110 0.9999
1752868640.3800 0.0048 -0.0460 -0.0002 0.0001 0.0001 -0.0146 0.9999
1752868640.4808 0.0200 -0.0893 0.0004 0.0001 0.0001 -0.0199 0.9998
1752868640.5817 0.0215 -0.1293 0.0018 0.0000 0.0001 -0.0268 0.9996
1752868640.6826 0.0099 -0.1350 0.0026 0.0000 0.0001 -0.0355 0.9994
1752868640.7834 -0.0010 -0.1343 0.0033 0.0000 0.0001 -0.0449 0.9990
1752868640.8843 0.0137 -0.1691 0.0030 0.0000 0.0001 -0.0552 0.9985
1752868640.9851 0.0261 -0.2179 0.0032 -0.0000 0.0001 -0.0666 0.9978
1752868641.0860 0.0442 -0.2699 0.0037 -0.0000 0.0001 -0.0794 0.9968
1752868641.1869 0.0385 -0.2369 0.0037 -0.0000 0.0001 -0.0931 0.9957
1752868641.2877 -0.0154 -0.2298 0.0044 -0.0001 0.0002 -0.1044 0.9945
1752868641.3886 -0.0626 -0.2498 0.0056 -0.0001 0.0002 -0.1127 0.9936
1752868641.4894 -0.0365 -0.3074 0.0082 -0.0001 0.0002 -0.1210 0.9926
1752868641.5903 -0.0061 -0.3320 0.0084 -0.0001 0.0002 -0.1304 0.9915
1752868641.6912 -0.0062 -0.3110 0.0058 -0.0001 0.0002 -0.1411 0.9900
1752868641.7920 -0.0446 -0.2805 0.0044 -0.0002 0.0001 -0.1500 0.9887
1752868641.8929 -0.0747 -0.2831 0.0051 -0.0003 0.0001 -0.1558 0.9878
1752868641.9937 -0.0760 -0.3276 0.0077 -0.0003 0.0002 -0.1592 0.9873
1752868642.0946 -0.0675 -0.3359 0.0088 -0.0002 0.0002 -0.1599 0.9871
1752868642.1955 -0.0699 -0.2861 0.0072 -0.0002 0.0002 -0.1571 0.9876
1752868642.2963 -0.0662 -0.2357 0.0051 -0.0002 0.0001 -0.1517 0.9884
1752868642.3972 -0.0779 -0.2354 0.0047 -0.0002 0.0001 -0.1473 0.9891
1752868642.4980 -0.0914 -0.2782 0.0060 -0.0003 0.0001 -0.1477 0.9890
1752868642.5989 -0.0871 -0.3121 0.0083 -0.0002 0.0002 -0.1531 0.9882
1752868642.6998 -0.0430 -0.3172 0.0092 -0.0002 0.0002 -0.1587 0.9873
1752868642.8006 -0.0052 -0.2918 0.0070 -0.0002 0.0002 -0.1597 0.9872
1752868642.9015 -0.0027 -0.2571 0.0047 -0.0002 0.0000 -0.1556 0.9878
1752868643.0023 -0.0544 -0.2569 0.0048 -0.0003 0.0000 -0.1509 0.9885
